# seed: -458833829
43
54 52
99 83 97
43 21 26 49
11 52 51 71 38
12 88 4 39 65 67
29 18 39 93 13 39 76
75 90 61 80 55 47 43 11
47 25 2 40 21 58 91 78 96
35 31 0 46 2 13 51 51 94 63
35 93 63 37 14 15 51 86 9 72 83
13 73 1 96 66 39 12 50 67 13 54 55
22 51 76 73 8 82 82 92 42 4 47 43 88
58 29 19 96 24 84 79 10 53 71 7 10 15 81
79 86 62 34 99 19 66 59 9 19 60 76 5 41 50
49 65 44 82 28 89 9 28 75 93 25 40 1 78 40 67
74 47 65 67 40 80 66 5 2 10 22 4 64 11 90 16 69
41 18 4 70 54 79 3 75 94 86 77 84 72 10 17 10 4 19
39 44 90 87 96 37 72 90 83 67 74 95 39 62 11 41 91 96 41
8 7 49 86 34 80 28 45 10 51 57 56 72 38 37 12 97 15 20 75
74 67 37 55 94 68 85 71 10 96 61 91 57 77 78 65 80 85 61 63 78
39 87 73 65 17 32 66 54 1 91 60 7 47 13 93 20 4 40 89 40 38 71
43 2 96 33 47 56 89 82 95 83 97 9 13 53 67 60 42 80 23 46 9 96 99
72 53 41 30 64 6 23 97 75 46 83 38 66 9 51 19 88 27 57 19 37 14 96 92
6 29 85 21 14 51 66 56 90 43 89 73 58 20 44 97 24 68 44 73 25 9 24 7 86
11 56 51 65 83 39 16 90 90 7 87 89 67 36 41 78 58 28 60 1 88 50 27 64 0 81
30 22 64 8 62 9 66 64 34 48 92 82 80 88 82 35 40 41 31 26 22 49 38 70 96 9 78
65 21 0 54 61 49 1 23 6 90 45 77 97 96 38 64 96 11 55 92 77 85 97 68 25 79 7 32
7 88 38 38 22 34 75 95 74 29 55 68 98 86 26 51 58 5 7 29 33 45 76 73 97 62 77 91 84
89 51 20 62 14 20 93 37 59 70 79 82 4 23 93 77 99 83 1 49 16 92 14 9 19 82 80 83 75 1
18 84 83 78 5 49 36 88 89 49 98 57 9 55 24 56 92 66 39 53 55 20 55 79 91 17 0 34 79 67 15
30 95 32 94 76 7 94 8 44 11 50 22 11 70 67 86 12 23 66 49 27 92 41 12 50 84 81 8 20 78 97 72
94 20 68 64 20 80 27 83 22 12 85 83 61 17 71 22 55 48 20 61 2 40 98 43 68 17 48 11 83 14 69 88 7
75 57 67 27 69 78 48 89 58 93 82 35 42 91 15 43 77 5 31 74 68 64 34 85 69 90 14 4 74 78 76 56 22 42
42 49 13 0 18 69 87 58 57 53 51 19 6 81 56 76 0 58 19 11 55 29 34 67 76 59 99 50 11 29 59 32 10 69 61
37 20 90 77 65 7 90 1 59 3 46 99 89 31 3 63 64 87 68 71 16 69 99 81 55 79 90 17 54 77 96 4 25 71 85 42
53 73 38 35 67 78 69 69 97 41 89 13 20 98 3 73 1 10 85 95 18 30 8 35 80 37 61 63 40 95 16 24 39 97 23 91 19
91 66 49 7 28 59 91 74 32 28 18 25 90 53 82 43 61 45 91 83 10 14 93 18 43 9 13 18 62 71 61 7 29 73 65 47 14 51
85 61 81 97 91 24 33 46 85 75 96 23 24 2 18 65 44 38 93 7 71 98 32 98 62 86 34 46 0 38 86 90 50 49 8 21 48 11 83
57 33 0 39 65 73 94 15 74 28 74 15 82 40 16 43 38 61 66 96 2 1 76 41 11 79 81 74 96 77 45 41 46 93 22 77 27 96 6 92
2 70 41 58 70 35 27 36 37 75 45 19 11 46 39 77 60 99 23 19 62 18 14 14 72 61 79 19 73 0 6 25 49 34 26 97 63 68 68 42 91
48 32 29 27 30 38 9 41 79 1 62 28 91 91 74 0 87 22 17 7 33 11 87 95 99 70 62 78 98 70 58 57 27 91 80 25 25 78 6 60 30 56
33 84 5 39 78 66 56 3 27 22 31 17 57 87 9 78 23 73 63 26 70 63 20 86 65 69 71 45 9 18 17 84 46 36 42 11 96 69 79 25 16 4 22
10 15 89 69 60 53 98 14 51 44 1 16 13 80 47 4 38 95 46 91 34 34 83 31 90 99 22 94 38 41 43 98 52 98 67 19 81 60 44 79 77 24 70 23
48 73 35 8 74 28 74 61 12 97 81 69 53 52 80 1 52 31 6 27 39 13 23 54 37 76 15 66 5 12 35 68 11 11 18 27 32 42 31 18 70 46 98 54 67
29 89 37 52 39 13 45 70 76 94 15 63 88 75 14 62 30 12 28 98 39 95 97 41 51 37 51 30 2 30 19 24 68 83 17 66 64 36 76 65 59 31 37 97 5 81
25 20 89 52 62 44 41 45 66 88 82 83 80 51 69 50 61 77 64 70 6 10 12 36 52 77 63 39 9 14 83 19 90 0 81 36 75 87 49 78 66 77 43 98 56 13 91
36 22 1 82 91 92 8 49 27 45 93 43 74 90 65 34 19 49 1 7 15 34 77 99 49 9 65 67 2 95 99 28 26 84 60 76 58 46 52 36 35 47 57 11 7 5 40 26
64 46 20 6 70 68 28 98 31 59 31 76 34 34 67 91 55 93 19 73 67 69 46 12 31 22 62 51 84 21 33 86 42 65 80 78 65 76 62 87 38 76 40 49 95 1 39 74 3
15 74 1 29 12 22 4 55 6 68 48 94 63 82 47 81 26 66 63 64 99 48 94 92 21 27 27 0 71 24 99 47 17 99 57 1 19 99 27 67 24 37 77 64 26 57 77 86 38 57
50 46 69 50 51 28 84 37 40 78 37 6 62 9 6 77 44 66 71 15 30 36 42 95 27 84 51 35 67 95 63 13 6 40 16 44 1 62 94 28 79 65 14 77 97 19 88 17 6 97 36
4 13 64 21 78 16 98 14 64 51 54 74 31 71 89 55 2 66 34 87 35 20 69 99 21 34 11 2 13 91 26 69 35 56 37 30 69 94 36 74 4 27 50 35 34 94 10 72 8 0 20 96
35 55 93 27 94 10 99 23 53 8 40 67 9 2 22 47 52 48 88 35 79 72 67 78 79 62 63 43 25 63 68 67 34 21 66 39 72 61 70 13 63 96 89 93 12 24 82 61 96 75 98 66 40
90 53 72 1 31 16 17 59 21 7 90 64 41 95 14 79 91 12 19 42 11 62 80 73 22 40 37 92 25 88 31 1 28 44 27 48 54 32 10 4 20 63 7 76 8 21 97 26 63 34 81 91 66 46
20 36 68 13 13 49 61 31 37 69 4 72 44 21 49 99 77 50 34 22 28 18 84 92 87 55 94 22 34 36 20 75 19 81 82 94 55 66 68 54 32 59 56 22 40 11 86 27 31 71 45 39 35 91 87
92 37 80 65 78 20 37 9 74 56 7 51 8 13 27 63 87 34 8 69 57 33 11 81 78 15 20 89 35 98 2 53 88 15 66 9 81 38 92 97 10 49 20 84 98 81 69 27 67 88 13 10 61 44 0 80
37 50 5 88 0 51 95 68 88 88 90 45 75 64 32 17 8 58 35 41 12 81 19 39 54 77 20 89 98 58 66 61 47 83 22 92 91 4 11 54 6 24 18 35 96 58 54 48 88 80 19 82 2 39 66 8 7
94 34 72 84 57 58 3 49 35 79 62 77 23 5 42 96 0 11 72 4 28 60 26 77 3 65 18 76 82 37 17 71 82 99 4 27 63 55 75 71 73 8 74 17 78 70 20 39 72 61 0 16 50 14 44 76 2 98
70 22 73 12 2 42 82 79 93 20 38 22 11 72 90 85 80 55 0 21 69 6 87 43 19 98 28 7 21 57 70 60 18 69 34 56 31 47 29 53 19 18 16 10 89 9 73 77 31 95 28 47 4 62 13 11 68 8 74
19 77 23 66 84 18 79 48 20 48 27 37 43 65 60 36 95 48 38 15 54 36 89 28 59 81 7 88 48 85 29 69 99 28 35 98 90 82 86 86 25 42 93 10 72 64 36 81 50 65 34 8 82 79 90 99 69 36 56 1
53 64 73 95 62 19 61 96 34 77 45 90 50 28 26 5 19 60 74 65 43 11 10 47 11 28 96 41 58 50 94 82 64 74 80 97 12 93 84 41 52 16 36 7 23 43 22 14 70 93 84 39 52 78 45 64 63 10 49 70 65
94 93 39 35 22 59 27 66 42 53 60 31 95 48 81 5 5 89 40 71 10 95 46 47 74 65 8 15 19 12 9 91 9 84 39 7 46 0 5 3 47 56 50 73 58 83 76 60 44 54 63 35 77 68 24 92 96 40 59 23 29 57
0 51 41 92 47 97 32 29 12 84 50 20 46 77 0 59 64 98 48 90 84 10 28 10 32 86 23 62 56 39 69 48 34 45 92 93 99 63 25 65 10 32 6 74 1 10 71 43 61 41 15 36 11 4 15 17 82 37 79 17 91 31 30
13 7 94 65 70 90 98 8 72 88 76 84 21 58 13 41 15 3 17 35 73 83 49 8 73 86 54 13 62 66 39 38 73 91 13 97 88 48 98 75 90 87 22 26 3 99 35 86 63 82 53 35 85 13 85 17 78 80 72 75 20 74 83 59
55 78 83 38 79 66 58 68 35 41 29 74 97 16 94 88 23 82 25 23 31 0 60 28 13 40 11 75 13 49 2 82 2 44 39 82 86 75 88 72 76 16 10 7 74 38 91 73 91 51 54 24 72 93 94 79 56 34 12 5 62 75 18 71 8
33 61 45 82 68 67 15 4 50 0 70 28 37 26 55 76 33 95 57 24 7 94 74 81 78 43 43 47 67 1 85 48 14 38 9 26 81 6 13 2 49 28 37 20 28 23 96 81 72 76 54 91 83 10 95 95 0 50 27 51 22 69 54 47 1 73
56 59 97 55 49 76 67 72 67 1 43 17 20 69 0 82 16 72 68 68 8 74 88 24 48 95 80 8 84 31 59 23 69 93 93 68 20 30 74 75 24 33 27 46 61 79 57 53 57 75 87 49 10 26 74 2 51 82 11 47 28 18 12 71 77 20 36
66 82 50 84 18 9 1 80 97 85 40 56 43 8 50 55 9 77 63 66 50 55 53 14 26 61 63 32 41 98 75 14 49 11 33 63 80 49 72 1 5 17 61 99 82 26 83 73 29 49 38 56 72 24 92 87 9 37 2 52 38 58 23 96 9 59 32 82
86 96 92 3 84 5 15 31 74 84 70 13 15 5 94 32 42 38 79 54 84 62 31 34 33 85 99 54 54 81 30 60 51 86 38 69 24 57 96 56 94 23 89 70 19 50 90 22 78 62 73 32 75 61 46 75 23 69 65 71 12 54 98 83 75 8 89 8 34
28 22 63 54 11 94 40 23 76 32 71 88 2 74 37 33 54 7 80 87 92 18 56 63 10 78 46 3 29 70 39 22 95 52 6 27 78 49 88 38 75 15 25 43 29 8 76 76 57 31 87 77 73 33 53 91 73 30 72 58 37 65 51 36 10 14 99 16 58 28
42 4 47 44 25 27 72 57 5 22 17 48 93 78 56 84 56 19 6 36 63 89 85 90 43 60 53 88 60 26 62 25 85 72 55 57 83 85 85 6 98 85 23 28 27 26 74 12 60 21 62 46 70 35 92 92 0 78 64 55 15 68 94 24 74 92 12 72 48 68 87
82 84 27 83 90 99 47 34 84 75 51 41 86 1 52 22 15 38 74 62 85 78 38 7 54 64 6 78 40 54 93 30 10 13 45 29 7 79 83 36 13 25 2 99 10 84 65 95 81 40 67 60 68 99 21 0 51 27 63 85 76 79 47 71 22 65 31 0 21 34 10 69
59 15 47 28 17 91 81 40 40 10 31 10 15 68 48 13 11 65 3 20 43 57 47 40 13 59 81 54 45 87 31 40 62 13 44 19 99 2 13 20 41 29 32 44 50 39 52 94 13 95 90 45 98 26 19 56 20 48 95 45 48 64 18 17 65 70 34 61 73 25 84 51 19
57 64 33 37 82 36 36 10 40 72 2 82 12 6 88 87 51 89 30 21 79 24 72 36 14 45 22 77 68 91 10 99 97 61 66 89 87 56 18 98 82 89 87 76 9 45 66 1 1 67 56 0 74 40 34 1 98 85 94 9 19 28 12 73 69 88 83 4 77 41 76 20 65 21
38 70 91 54 89 23 46 84 69 61 8 90 26 94 98 17 96 35 62 90 41 84 26 73 76 52 24 74 83 73 46 60 45 70 68 9 25 37 84 10 87 56 17 47 84 11 57 83 90 21 9 30 89 45 84 56 45 28 39 52 85 60 96 89 26 75 83 29 10 86 14 15 23 89 56
55 0 90 36 90 34 54 32 94 69 64 58 41 25 44 92 74 33 54 80 42 22 21 87 70 9 39 82 45 5 93 11 16 95 33 50 89 68 75 92 70 68 36 93 12 25 12 74 84 32 91 94 41 20 93 22 25 89 36 84 82 44 55 57 29 76 8 64 57 78 10 67 85 14 66 16
37 77 0 85 59 68 35 93 48 31 41 71 17 35 56 97 11 13 79 26 99 99 65 37 83 46 53 90 11 76 37 20 59 45 37 57 3 36 21 17 69 94 83 21 2 65 96 53 24 60 9 62 44 97 26 2 97 78 54 93 85 84 83 32 20 0 77 10 22 36 70 43 85 2 94 46 85
37 32 63 73 37 37 61 40 5 51 62 12 56 63 77 42 41 82 5 2 64 78 44 22 0 29 23 96 43 82 85 73 19 11 84 66 64 59 87 73 71 58 22 4 92 11 20 78 76 14 43 67 47 31 3 75 69 35 12 10 4 19 14 95 25 78 63 59 12 32 92 73 11 81 77 57 48 66
55 62 23 56 5 77 30 8 95 8 34 52 79 75 15 97 9 22 37 32 45 88 67 70 68 40 70 40 48 39 34 73 75 38 88 60 39 37 16 13 60 25 60 87 7 39 74 32 78 43 90 59 9 0 51 95 75 29 71 72 7 53 99 6 66 56 50 86 2 75 95 39 14 91 5 78 33 61 90
1 17 33 28 0 47 85 4 82 73 12 54 69 61 73 47 23 62 22 94 73 42 63 17 40 33 41 23 46 60 7 51 79 66 52 88 46 49 81 52 91 86 34 16 71 38 29 90 11 37 4 82 58 86 1 31 58 53 59 73 50 17 23 40 1 45 69 53 15 1 61 25 7 30 91 8 45 7 63 67
58 69 69 17 32 78 5 96 60 82 46 40 80 55 19 51 46 38 7 71 16 15 66 41 20 81 53 42 4 12 57 19 96 72 73 63 41 31 10 74 82 64 86 87 52 27 13 34 7 49 82 66 80 68 30 69 56 24 22 34 40 36 36 78 81 16 73 89 78 73 66 83 40 52 5 54 12 0 38 66 9
82 15 91 37 51 66 12 50 65 22 69 36 44 13 84 41 72 60 14 82 55 8 12 83 36 93 37 26 59 78 14 29 61 70 81 56 53 18 25 13 37 19 58 17 87 78 53 57 75 3 6 51 10 63 45 69 93 58 29 30 92 41 8 65 42 70 13 44 46 90 39 8 36 96 1 78 34 52 52 24 39 9
57 90 21 96 6 52 23 27 73 78 14 19 34 7 70 55 85 83 89 41 87 0 27 38 55 68 92 34 30 78 99 2 48 2 41 68 2 14 15 12 81 76 37 48 97 86 55 97 35 94 70 1 33 74 16 23 55 43 18 50 11 19 90 75 42 24 21 53 3 13 99 66 81 84 50 36 57 10 62 21 14 96 34
97 40 99 0 35 81 66 95 47 27 87 62 91 19 64 30 12 3 49 33 16 58 16 17 54 69 3 27 79 87 70 49 72 46 9 32 69 45 91 92 0 81 50 34 19 36 49 3 17 78 12 19 87 83 66 81 40 19 70 19 18 60 84 42 0 41 70 54 17 12 27 80 63 98 25 18 26 88 77 77 95 74 79 99
74 92 66 31 20 41 18 20 78 71 9 25 31 46 65 12 0 93 9 0 22 38 74 90 92 79 85 84 20 33 35 47 57 38 18 82 88 52 50 83 15 16 27 88 54 77 90 24 17 16 31 68 95 69 31 14 86 53 92 94 15 16 11 73 33 56 39 62 94 95 64 93 94 29 35 44 85 33 38 44 44 86 30 35 92
91 55 6 59 95 52 42 59 51 47 35 9 54 4 73 15 24 27 36 87 52 76 12 68 67 31 11 70 61 9 53 66 19 58 70 12 64 25 10 58 82 91 67 90 96 83 29 67 25 55 6 13 16 56 49 43 63 59 4 51 59 89 35 77 30 17 62 16 28 89 62 58 80 27 39 63 31 77 6 98 87 69 89 48 46 75
14 98 57 45 45 69 4 50 45 89 44 2 30 59 8 26 4 93 91 43 9 40 10 14 57 24 30 3 55 77 40 75 41 69 73 73 33 18 78 59 74 90 41 99 38 66 79 72 9 53 57 28 60 78 41 33 65 61 89 91 26 51 72 10 74 87 90 55 39 70 35 49 26 87 60 95 50 64 97 57 47 47 34 52 56 64 49
23 99 80 46 4 84 62 61 16 98 18 77 47 37 84 99 52 83 90 22 38 58 86 6 71 26 87 60 85 40 99 45 59 78 11 99 18 28 3 68 51 32 88 66 61 86 4 36 99 50 46 92 0 82 75 43 46 17 69 73 6 22 58 77 43 3 89 21 29 5 89 56 9 13 79 29 22 98 31 24 55 10 22 67 85 38 68 3
20 9 17 70 63 85 33 93 76 46 73 40 5 45 89 41 78 69 77 6 73 68 80 6 64 56 12 54 89 42 88 70 87 1 78 3 69 85 33 54 69 46 72 63 31 75 6 91 75 35 23 84 18 38 92 86 17 63 46 15 73 43 51 9 63 14 34 52 26 74 26 79 96 27 95 99 34 83 60 15 8 67 41 76 29 55 58 85 83
64 17 64 16 15 54 50 13 39 59 45 92 24 78 56 6 18 48 84 13 0 80 64 13 34 27 94 30 71 38 86 26 54 37 62 57 7 8 16 5 61 51 69 62 63 99 62 38 91 64 30 50 8 90 62 37 24 77 30 97 18 73 57 33 75 58 92 2 88 1 8 27 64 36 65 60 6 81 91 17 45 27 85 64 90 16 98 45 64 3
35 79 80 14 42 93 67 96 21 55 84 82 64 22 66 35 53 90 20 71 78 75 29 80 80 96 66 29 10 45 71 4 2 90 5 2 54 2 47 43 60 46 92 50 66 47 46 81 4 84 58 69 96 92 94 77 72 0 76 54 12 68 0 82 83 32 85 36 8 15 62 34 18 16 77 14 9 90 18 84 52 38 53 4 11 19 85 9 77 62 96
81 24 7 28 40 82 72 96 48 80 77 61 35 63 42 65 69 82 14 30 73 31 17 61 59 69 16 65 39 59 16 46 25 92 97 90 33 71 10 18 11 99 95 40 49 35 79 14 48 55 68 95 27 10 0 18 50 73 33 87 65 38 92 82 99 70 27 47 74 29 3 80 32 48 43 26 91 29 47 54 18 27 11 1 32 69 70 8 58 56 28 82
65 21 65 88 30 29 25 54 16 73 61 56 68 27 67 8 26 14 74 63 23 86 8 3 71 95 21 75 39 92 6 3 45 61 27 96 83 26 83 72 33 75 78 3 6 60 47 17 27 86 84 12 68 81 95 34 47 45 57 71 55 96 98 45 63 10 27 54 53 68 0 12 14 7 69 61 38 60 92 13 60 41 2 76 28 83 12 21 42 8 28 21 33
20 81 53 48 72 67 70 36 75 73 79 27 8 37 15 21 38 70 62 62 42 90 69 32 96 46 97 94 93 39 87 42 33 15 63 8 90 17 72 25 79 53 13 36 31 61 47 14 82 17 53 17 63 62 30 99 76 6 73 37 83 7 66 96 50 7 86 67 45 0 17 47 85 89 57 28 57 42 86 14 25 60 45 85 14 77 10 53 16 11 18 29 72 87
99 22 91 2 22 57 29 80 83 67 19 53 87 9 79 97 1 12 22 36 71 33 96 55 35 47 31 38 91 55 14 43 44 69 45 44 64 37 70 33 15 80 32 41 64 14 44 47 90 48 29 88 78 67 92 72 76 60 65 47 21 83 35 99 7 16 10 60 88 49 4 15 38 18 85 12 48 2 22 42 14 47 38 73 88 10 84 89 73 48 91 69 7 69 43
75 70 72 84 83 21 64 90 3 74 14 52 98 38 50 94 52 86 81 62 15 73 89 2 96 2 33 92 25 10 85 32 52 94 40 47 20 60 29 17 55 0 11 52 9 67 99 80 36 32 28 28 85 30 22 15 51 14 32 28 43 5 31 8 20 68 52 17 85 12 85 49 29 37 74 89 51 78 19 76 14 30 70 8 49 90 91 31 25 51 79 79 55 85 82 16
29 11 37 32 12 38 81 82 16 75 70 40 85 56 99 78 87 62 7 86 52 90 97 58 46 32 97 2 60 78 68 48 94 2 2 27 25 9 27 67 44 60 87 75 18 84 23 17 5 38 22 35 97 86 76 19 54 29 35 72 62 51 31 48 3 3 36 47 29 66 32 61 93 82 18 45 23 15 19 2 74 97 39 38 6 21 56 63 41 6 36 57 15 0 65 83 56
36 94 14 0 68 40 92 28 51 38 99 32 8 39 33 65 62 83 80 11 31 29 58 71 95 4 98 85 54 48 35 90 87 0 62 86 12 43 84 91 9 96 19 24 40 3 49 10 43 69 71 6 69 7 60 73 44 60 42 96 25 37 94 71 91 19 91 50 97 32 65 64 26 55 16 76 70 6 8 21 31 89 49 97 47 98 16 58 93 35 85 86 72 72 21 49 55 10
79 9 84 57 94 46 60 39 22 20 91 10 64 66 81 64 97 85 8 9 43 26 75 10 31 61 20 33 23 19 65 46 80 90 12 37 40 45 17 33 85 43 31 89 6 73 7 2 68 41 81 34 5 33 96 96 53 57 72 48 89 77 16 2 1 7 46 55 51 29 40 85 42 14 33 57 94 67 60 70 53 6 81 47 46 7 89 5 26 40 89 33 88 23 36 83 91 65 10
53 75 2 0 9 60 49 41 52 31 47 0 80 8 96 25 54 30 73 54 18 46 31 22 4 82 17 33 55 48 95 3 33 11 41 71 11 60 83 72 63 15 33 27 72 89 26 72 25 92 5 3 75 94 49 92 80 99 4 91 65 42 99 13 48 29 92 40 91 0 13 86 94 52 29 93 27 24 33 79 5 85 85 21 94 68 36 82 63 25 38 78 18 0 86 45 26 91 93 7